{"playback_header" : {
    "description": {
        "text": "Branch coverage: Reaches branches in DetermineORNCTDeletion. There are many ORNCT and ADS-B intruders. The ORNCT track to be deleted is associated with a non-empty target.",
        "info": {"testgroup": 70, "prescriptive": false}},
    "start_time": 0.0,
    "has_timing_control": false},
"acasx_reports" : [
    {"report_time": 0.001, "report_type": "Acas_sXu_V3R0", "acas_sxu_v3r0": {"data_type": "OWNSHIP_DISCRETES", "ownship_discretes": {"toa": 0.001, "remote_id": 1, "opflg": true, "surv_only_disp_on": false, "turn_rate_limit_rad": 0.053, "vert_rate_limit_fps": 8.3334, "prefer_wind_relative": false, "perform_poa_and_gpoa": true}}},
    {"report_time": 0.002, "report_type": "Acas_sXu_V3R0", "acas_sxu_v3r0": {"data_type": "HEADING_OBS", "heading_obs": {"toa": 0.002, "psi_rad": 0.0005236, "heading_degraded": false}}},
    {"report_time": 0.003, "report_type": "Acas_sXu_V3R0", "acas_sxu_v3r0": {"data_type": "PRES_ALT_OBS", "pres_alt_obs": {"toa": 0.003, "alt_pres_ft": 971.2}}},
    {"report_time": 0.004, "report_type": "Acas_sXu_V3R0", "acas_sxu_v3r0": {"data_type": "HEIGHT_AGL_OBS", "height_agl_obs": {"toa": 0.004, "h_ft": NaN}}},
    {"report_time": 0.005, "report_type": "Acas_sXu_V3R0", "acas_sxu_v3r0": {"data_type": "WGS84_OBS", "wgs84_obs": {"toa": 0.005, "lat_deg": 33.137995, "lon_deg": -117.02283, "vel_ew_kts": 0.26436, "vel_ns_kts": 120.35, "alt_hae_ft": 971.2, "alt_rate_hae_fps": 8.3, "nacp": 10, "nacv": 3}}},
    {"report_time": 0.01, "report_type": "Acas_sXu_V3R0", "acas_sxu_v3r0": {"data_type": "OWN_REL_NON_COOP_TRACK", "own_rel_non_coop_track": {"track_id": 2, "track_status": 1, "toa": 0.01, "range_ft": 22660.0, "azimuth_rad": 0.69564, "dgr_fps": -98.48, "dxgr_fps": 150.91, "rel_xgrgr_Sigma": [704430.0, -15386.0, 58205.0, -7176.9, -15386.0, 18457.0, -5950.4, 3376.1, 58205.0, -5950.4, 7240.3, -1112.2, -7176.9, 3376.1, -1112.2, 1853.2], "rel_z_ft": 1254.1, "rel_dz_fps": -8.3892, "rel_zdz_Sigma": [301720.0, 9719.2, 9719.2, 641.34]}}},
    {"report_time": 0.021, "report_type": "Acas_sXu_V3R0", "acas_sxu_v3r0": {"data_type": "OWN_REL_NON_COOP_TRACK", "own_rel_non_coop_track": {"track_id": 7, "track_status": 2, "toa": 0.021, "range_ft": 37728.0, "azimuth_rad": -1.9085, "dgr_fps": 130.37, "dxgr_fps": -168.44, "rel_xgrgr_Sigma": [1183900.0, -41030.0, 38790.0, -2033.6, -41030.0, 63795.0, -3759.9, 4652.4, 38790.0, -3759.9, 1875.4, -337.19, -2033.6, 4652.4, -337.19, 440.24], "rel_z_ft": -1755.3, "rel_dz_fps": -9.222, "rel_zdz_Sigma": [893100.0, 23100.0, 23100.0, 892.8]}}},
    {"report_time": 0.024, "report_type": "Acas_sXu_V3R0", "acas_sxu_v3r0": {"data_type": "OWN_REL_NON_COOP_TRACK", "own_rel_non_coop_track": {"track_id": 8, "track_status": 1, "toa": 0.024, "range_ft": 36726.0, "azimuth_rad": -1.8742, "dgr_fps": 123.32, "dxgr_fps": -167.22, "rel_xgrgr_Sigma": [727630.0, -13025.0, 25448.0, -56.134, -13025.0, 22651.0, -1730.7, 1967.6, 25448.0, -1730.7, 1868.3, -352.24, -56.134, 1967.6, -352.24, 404.54], "rel_z_ft": -1700.0, "rel_dz_fps": -8.6697, "rel_zdz_Sigma": [597610.0, 16170.0, 16170.0, 812.32]}}},
    {"report_time": 0.027, "report_type": "Acas_sXu_V3R0", "acas_sxu_v3r0": {"data_type": "OWN_REL_NON_COOP_TRACK", "own_rel_non_coop_track": {"track_id": 9, "track_status": 1, "toa": 0.027, "range_ft": 36144.0, "azimuth_rad": -1.8347, "dgr_fps": 115.72, "dxgr_fps": -168.76, "rel_xgrgr_Sigma": [711850.0, -13704.0, 25343.0, -162.16, -13704.0, 22105.0, -1885.3, 1988.3, 25343.0, -1885.3, 2009.5, -370.91, -162.16, 1988.3, -370.91, 395.76], "rel_z_ft": -1700.0, "rel_dz_fps": -8.5703, "rel_zdz_Sigma": [583710.0, 15887.0, 15887.0, 805.4]}}},
    {"report_time": 0.03, "report_type": "Acas_sXu_V3R0", "acas_sxu_v3r0": {"data_type": "OWN_REL_NON_COOP_TRACK", "own_rel_non_coop_track": {"track_id": 10, "track_status": 1, "toa": 0.03, "range_ft": 35526.0, "azimuth_rad": -1.7926, "dgr_fps": 107.21, "dxgr_fps": -169.74, "rel_xgrgr_Sigma": [690680.0, -13736.0, 24826.0, -222.44, -13736.0, 21447.0, -1985.6, 2002.8, 24826.0, -1985.6, 2078.2, -362.59, -222.44, 2002.8, -362.59, 386.44], "rel_z_ft": -1700.0, "rel_dz_fps": -8.4603, "rel_zdz_Sigma": [569180.0, 15588.0, 15588.0, 798.09]}}},
    {"report_time": 0.033, "report_type": "Acas_sXu_V3R0", "acas_sxu_v3r0": {"data_type": "OWN_REL_NON_COOP_TRACK", "own_rel_non_coop_track": {"track_id": 11, "track_status": 1, "toa": 0.033, "range_ft": 34902.0, "azimuth_rad": -1.7523, "dgr_fps": 99.246, "dxgr_fps": -171.71, "rel_xgrgr_Sigma": [673740.0, -13331.0, 24466.0, -169.95, -13331.0, 20333.0, -1942.0, 1929.4, 24466.0, -1942.0, 2078.4, -321.45, -169.95, 1929.4, -321.45, 365.83], "rel_z_ft": -1665.0, "rel_dz_fps": -8.4179, "rel_zdz_Sigma": [554500.0, 15285.0, 15285.0, 790.62]}}},
    {"report_time": 0.036, "report_type": "Acas_sXu_V3R0", "acas_sxu_v3r0": {"data_type": "OWN_REL_NON_COOP_TRACK", "own_rel_non_coop_track": {"track_id": 12, "track_status": 1, "toa": 0.036, "range_ft": 34292.0, "azimuth_rad": -1.7087, "dgr_fps": 91.026, "dxgr_fps": -172.9, "rel_xgrgr_Sigma": [654680.0, -12256.0, 23823.0, -55.559, -12256.0, 19081.0, -1825.3, 1836.4, 23823.0, -1825.3, 2000.5, -262.48, -55.559, 1836.4, -262.48, 346.86], "rel_z_ft": -1587.5, "rel_dz_fps": -8.4166, "rel_zdz_Sigma": [540410.0, 14992.0, 14992.0, 783.36]}}},
    {"report_time": 0.039, "report_type": "Acas_sXu_V3R0", "acas_sxu_v3r0": {"data_type": "OWN_REL_NON_COOP_TRACK", "own_rel_non_coop_track": {"track_id": 13, "track_status": 1, "toa": 0.039, "range_ft": 23108.0, "azimuth_rad": 0.76523, "dgr_fps": -89.408, "dxgr_fps": 161.52, "rel_xgrgr_Sigma": [737320.0, -15181.0, 61415.0, -7407.4, -15181.0, 18879.0, -6043.4, 3435.5, 61415.0, -6043.4, 7532.8, -1349.0, -7407.4, 3435.5, -1349.0, 1917.6], "rel_z_ft": 1284.2, "rel_dz_fps": -8.38, "rel_zdz_Sigma": [309800.0, 9910.5, 9910.5, 646.88]}}},
    {"report_time": 0.042, "report_type": "Acas_sXu_V3R0", "acas_sxu_v3r0": {"data_type": "OWN_REL_NON_COOP_TRACK", "own_rel_non_coop_track": {"track_id": 14, "track_status": 1, "toa": 0.042, "range_ft": 33648.0, "azimuth_rad": -1.667, "dgr_fps": 82.652, "dxgr_fps": -174.4, "rel_xgrgr_Sigma": [638250.0, -11642.0, 23462.0, 18.704, -11642.0, 17909.0, -1753.5, 1750.0, 23462.0, -1753.5, 1948.3, -214.61, 18.704, 1750.0, -214.61, 335.6], "rel_z_ft": -1509.4, "rel_dz_fps": -8.4209, "rel_zdz_Sigma": [525660.0, 14684.0, 14684.0, 775.66]}}},
    {"report_time": 0.045, "report_type": "Acas_sXu_V3R0", "acas_sxu_v3r0": {"data_type": "OWN_REL_NON_COOP_TRACK", "own_rel_non_coop_track": {"track_id": 15, "track_status": 1, "toa": 0.045, "range_ft": 33022.0, "azimuth_rad": -1.6219, "dgr_fps": 73.868, "dxgr_fps": -174.81, "rel_xgrgr_Sigma": [619950.0, -10715.0, 22902.0, 97.19, -10715.0, 16780.0, -1675.1, 1674.7, 22902.0, -1675.1, 1849.9, -167.73, 97.19, 1674.7, -167.73, 334.66], "rel_z_ft": -1428.0, "rel_dz_fps": -8.4167, "rel_zdz_Sigma": [511520.0, 14387.0, 14387.0, 768.19]}}},
    {"report_time": 0.048, "report_type": "Acas_sXu_V3R0", "acas_sxu_v3r0": {"data_type": "OWN_REL_NON_COOP_TRACK", "own_rel_non_coop_track": {"track_id": 16, "track_status": 1, "toa": 0.048, "range_ft": 32390.0, "azimuth_rad": -1.5787, "dgr_fps": 65.686, "dxgr_fps": -176.21, "rel_xgrgr_Sigma": [605260.0, -9649.5, 22480.0, 259.84, -9649.5, 15420.0, -1497.4, 1542.6, 22480.0, -1497.4, 1749.0, -115.23, 259.84, 1542.6, -115.23, 322.37], "rel_z_ft": -1346.9, "rel_dz_fps": -8.4195, "rel_zdz_Sigma": [497360.0, 14089.0, 14089.0, 760.6]}}},
    {"report_time": 0.051, "report_type": "Acas_sXu_V3R0", "acas_sxu_v3r0": {"data_type": "OWN_REL_NON_COOP_TRACK", "own_rel_non_coop_track": {"track_id": 17, "track_status": 1, "toa": 0.051, "range_ft": 31728.0, "azimuth_rad": -1.5321, "dgr_fps": 56.262, "dxgr_fps": -176.31, "rel_xgrgr_Sigma": [586490.0, -8459.4, 21789.0, 387.4, -8459.4, 14239.0, -1361.6, 1447.4, 21789.0, -1361.6, 1620.3, -76.315, 387.4, 1447.4, -76.315, 325.14], "rel_z_ft": -1261.0, "rel_dz_fps": -8.4192, "rel_zdz_Sigma": [482760.0, 13778.0, 13778.0, 752.67]}}},
    {"report_time": 0.054, "report_type": "Acas_sXu_V3R0", "acas_sxu_v3r0": {"data_type": "OWN_REL_NON_COOP_TRACK", "own_rel_non_coop_track": {"track_id": 18, "track_status": 1, "toa": 0.054, "range_ft": 31112.0, "azimuth_rad": -1.487, "dgr_fps": 48.064, "dxgr_fps": -177.35, "rel_xgrgr_Sigma": [572930.0, -7307.2, 21363.0, 558.6, -7307.2, 12993.0, -1175.6, 1323.4, 21363.0, -1175.6, 1518.3, -36.63, 558.6, 1323.4, -36.63, 318.37], "rel_z_ft": -1177.7, "rel_dz_fps": -8.4209, "rel_zdz_Sigma": [469270.0, 13490.0, 13490.0, 745.24]}}},
    {"report_time": 0.057, "report_type": "Acas_sXu_V3R0", "acas_sxu_v3r0": {"data_type": "OWN_REL_NON_COOP_TRACK", "own_rel_non_coop_track": {"track_id": 19, "track_status": 1, "toa": 0.057, "range_ft": 30466.0, "azimuth_rad": -1.4384, "dgr_fps": 38.764, "dxgr_fps": -177.45, "rel_xgrgr_Sigma": [554720.0, -5778.5, 20624.0, 724.5, -5778.5, 11818.0, -987.0, 1215.6, 20624.0, -987.0, 1392.1, -6.2487, 724.5, 1215.6, -6.2487, 317.97], "rel_z_ft": -1089.4, "rel_dz_fps": -8.4213, "rel_zdz_Sigma": [455370.0, 13191.0, 13191.0, 737.47]}}},
    {"report_time": 0.06, "report_type": "Acas_sXu_V3R0", "acas_sxu_v3r0": {"data_type": "OWN_REL_NON_COOP_TRACK", "own_rel_non_coop_track": {"track_id": 20, "track_status": 1, "toa": 0.06, "range_ft": 29824.0, "azimuth_rad": -1.3915, "dgr_fps": 29.646, "dxgr_fps": -177.07, "rel_xgrgr_Sigma": [541630.0, -4958.9, 20386.0, 801.32, -4958.9, 10860.0, -897.2, 1137.4, 20386.0, -897.2, 1324.5, 6.2912, 801.32, 1137.4, 6.2912, 328.66], "rel_z_ft": -1003.4, "rel_dz_fps": -8.4227, "rel_zdz_Sigma": [441690.0, 12895.0, 12895.0, 729.71]}}},
    {"report_time": 0.063, "report_type": "Acas_sXu_V3R0", "acas_sxu_v3r0": {"data_type": "OWN_REL_NON_COOP_TRACK", "own_rel_non_coop_track": {"track_id": 21, "track_status": 1, "toa": 0.063, "range_ft": 29176.0, "azimuth_rad": -1.3408, "dgr_fps": 19.808, "dxgr_fps": -175.66, "rel_xgrgr_Sigma": [526220.0, -3914.5, 19878.0, 889.31, -3914.5, 9935.9, -793.41, 1063.8, 19878.0, -793.41, 1235.4, 11.474, 889.31, 1063.8, 11.474, 341.11], "rel_z_ft": -912.54, "rel_dz_fps": -8.4207, "rel_zdz_Sigma": [428160.0, 12600.0, 12600.0, 721.92]}}},
    {"report_time": 0.066, "report_type": "Acas_sXu_V3R0", "acas_sxu_v3r0": {"data_type": "OWN_REL_NON_COOP_TRACK", "own_rel_non_coop_track": {"track_id": 22, "track_status": 1, "toa": 0.066, "range_ft": 28556.0, "azimuth_rad": -1.2915, "dgr_fps": 11.021, "dxgr_fps": -177.83, "rel_xgrgr_Sigma": [515980.0, -1603.2, 19568.0, 1117.8, -1603.2, 8916.7, -525.01, 954.89, 19568.0, -525.01, 1164.0, 39.605, 1117.8, 954.89, 39.605, 330.34], "rel_z_ft": -825.13, "rel_dz_fps": -8.4243, "rel_zdz_Sigma": [415220.0, 12316.0, 12316.0, 714.35]}}},
    {"report_time": 0.069, "report_type": "Acas_sXu_V3R0", "acas_sxu_v3r0": {"data_type": "OWN_REL_NON_COOP_TRACK", "own_rel_non_coop_track": {"track_id": 23, "track_status": 1, "toa": 0.069, "range_ft": 27940.0, "azimuth_rad": -1.2383, "dgr_fps": 1.411, "dxgr_fps": -180.65, "rel_xgrgr_Sigma": [515480.0, 1232.0, 20056.0, 1357.7, 1232.0, 8058.4, -254.33, 872.82, 20056.0, -254.33, 1160.0, 64.717, 1357.7, 872.82, 64.717, 332.28], "rel_z_ft": -733.62, "rel_dz_fps": -8.4202, "rel_zdz_Sigma": [402630.0, 12038.0, 12038.0, 706.87]}}},
    {"report_time": 0.072, "report_type": "Acas_sXu_V3R0", "acas_sxu_v3r0": {"data_type": "OWN_REL_NON_COOP_TRACK", "own_rel_non_coop_track": {"track_id": 24, "track_status": 1, "toa": 0.072, "range_ft": 23554.0, "azimuth_rad": 0.83004, "dgr_fps": -80.762, "dxgr_fps": 170.63, "rel_xgrgr_Sigma": [775710.0, -14467.0, 65503.0, -7544.9, -14467.0, 19048.0, -6054.1, 3440.8, 65503.0, -6054.1, 8020.5, -1568.7, -7544.9, 3440.8, -1568.7, 1959.5], "rel_z_ft": 1308.5, "rel_dz_fps": -8.3766, "rel_zdz_Sigma": [317940.0, 10102.0, 10102.0, 652.4]}}},
    {"report_time": 0.075, "report_type": "Acas_sXu_V3R0", "acas_sxu_v3r0": {"data_type": "OWN_REL_NON_COOP_TRACK", "own_rel_non_coop_track": {"track_id": 25, "track_status": 1, "toa": 0.075, "range_ft": 27326.0, "azimuth_rad": -1.1866, "dgr_fps": -8.299, "dxgr_fps": -183.24, "rel_xgrgr_Sigma": [529720.0, 4187.5, 21764.0, 1646.1, 4187.5, 7476.6, 31.577, 829.48, 21764.0, 31.577, 1254.1, 91.205, 1646.1, 829.48, 91.205, 351.48], "rel_z_ft": -645.61, "rel_dz_fps": -8.4217, "rel_zdz_Sigma": [390240.0, 11762.0, 11762.0, 699.39]}}},
    {"report_time": 0.078, "report_type": "Acas_sXu_V3R0", "acas_sxu_v3r0": {"data_type": "OWN_REL_NON_COOP_TRACK", "own_rel_non_coop_track": {"track_id": 26, "track_status": 1, "toa": 0.078, "range_ft": 26724.0, "azimuth_rad": -1.1305, "dgr_fps": -18.717, "dxgr_fps": -182.01, "rel_xgrgr_Sigma": [542130.0, 6751.4, 23343.0, 1903.1, 6751.4, 7070.4, 260.35, 812.99, 23343.0, 260.35, 1344.5, 96.69, 1903.1, 812.99, 96.69, 383.96], "rel_z_ft": -553.21, "rel_dz_fps": -8.4229, "rel_zdz_Sigma": [378310.0, 11494.0, 11494.0, 692.07]}}},
    {"report_time": 0.081, "report_type": "Acas_sXu_V3R0", "acas_sxu_v3r0": {"data_type": "OWN_REL_NON_COOP_TRACK", "own_rel_non_coop_track": {"track_id": 27, "track_status": 1, "toa": 0.081, "range_ft": 26118.0, "azimuth_rad": -1.0763, "dgr_fps": -28.954, "dxgr_fps": -180.79, "rel_xgrgr_Sigma": [554230.0, 9602.2, 25146.0, 2263.2, 9602.2, 6908.1, 539.62, 829.47, 25146.0, 539.62, 1480.3, 107.91, 2263.2, 829.47, 107.91, 425.62], "rel_z_ft": -465.2, "rel_dz_fps": -8.4242, "rel_zdz_Sigma": [366400.0, 11226.0, 11226.0, 684.65]}}},
    {"report_time": 0.084, "report_type": "Acas_sXu_V3R0", "acas_sxu_v3r0": {"data_type": "OWN_REL_NON_COOP_TRACK", "own_rel_non_coop_track": {"track_id": 28, "track_status": 1, "toa": 0.084, "range_ft": 25530.0, "azimuth_rad": -1.0172, "dgr_fps": -39.37, "dxgr_fps": -175.31, "rel_xgrgr_Sigma": [544490.0, 11232.0, 24749.0, 2413.7, 11232.0, 6796.5, 600.87, 839.37, 24749.0, 600.87, 1447.7, 71.263, 2413.7, 839.37, 71.263, 451.17], "rel_z_ft": -373.39, "rel_dz_fps": -8.4261, "rel_zdz_Sigma": [355050.0, 10967.0, 10967.0, 677.45]}}},
    {"report_time": 0.087, "report_type": "Acas_sXu_V3R0", "acas_sxu_v3r0": {"data_type": "OWN_REL_NON_COOP_TRACK", "own_rel_non_coop_track": {"track_id": 29, "track_status": 1, "toa": 0.087, "range_ft": 24974.0, "azimuth_rad": -0.95967, "dgr_fps": -49.234, "dxgr_fps": -171.04, "rel_xgrgr_Sigma": [542750.0, 13716.0, 25075.0, 2723.2, 13716.0, 6898.6, 773.56, 886.74, 25075.0, 773.56, 1496.0, 57.259, 2723.2, 886.74, 57.259, 484.9], "rel_z_ft": -285.52, "rel_dz_fps": -8.4258, "rel_zdz_Sigma": [344390.0, 10723.0, 10723.0, 670.58]}}},
    {"report_time": 0.09, "report_type": "Acas_sXu_V3R0", "acas_sxu_v3r0": {"data_type": "OWN_REL_NON_COOP_TRACK", "own_rel_non_coop_track": {"track_id": 30, "track_status": 1, "toa": 0.09, "range_ft": 24440.0, "azimuth_rad": -0.89731, "dgr_fps": -59.362, "dxgr_fps": -164.49, "rel_xgrgr_Sigma": [529650.0, 15705.0, 24598.0, 2982.3, 15705.0, 7116.0, 893.73, 963.37, 24598.0, 893.73, 1509.5, 30.251, 2982.3, 963.37, 30.251, 522.46], "rel_z_ft": -194.63, "rel_dz_fps": -8.427, "rel_zdz_Sigma": [334390.0, 10492.0, 10492.0, 664.04]}}},
    {"report_time": 0.093, "report_type": "Acas_sXu_V3R0", "acas_sxu_v3r0": {"data_type": "OWN_REL_NON_COOP_TRACK", "own_rel_non_coop_track": {"track_id": 31, "track_status": 1, "toa": 0.093, "range_ft": 23926.0, "azimuth_rad": -0.83649, "dgr_fps": -68.254, "dxgr_fps": -154.98, "rel_xgrgr_Sigma": [488970.0, 15485.0, 21502.0, 2962.9, 15485.0, 7354.8, 741.55, 1038.7, 21502.0, 741.55, 1309.3, -14.24, 2962.9, 1038.7, -14.24, 510.87], "rel_z_ft": -108.44, "rel_dz_fps": -8.4294, "rel_zdz_Sigma": [324770.0, 10268.0, 10268.0, 657.63]}}},
    {"report_time": 0.096, "report_type": "Acas_sXu_V3R0", "acas_sxu_v3r0": {"data_type": "OWN_REL_NON_COOP_TRACK", "own_rel_non_coop_track": {"track_id": 32, "track_status": 1, "toa": 0.096, "range_ft": 23432.0, "azimuth_rad": -0.77063, "dgr_fps": -76.808, "dxgr_fps": -134.13, "rel_xgrgr_Sigma": [437920.0, 11044.0, 17196.0, 2410.6, 11044.0, 7905.0, 27.16, 1185.1, 17196.0, 27.16, 1047.6, -132.8, 2410.6, 1185.1, -132.8, 489.09], "rel_z_ft": -19.442, "rel_dz_fps": -8.4298, "rel_zdz_Sigma": [315630.0, 10054.0, 10054.0, 651.46]}}},
    {"report_time": 0.099, "report_type": "Acas_sXu_V3R0", "acas_sxu_v3r0": {"data_type": "OWN_REL_NON_COOP_TRACK", "own_rel_non_coop_track": {"track_id": 33, "track_status": 1, "toa": 0.099, "range_ft": 22982.0, "azimuth_rad": -0.70648, "dgr_fps": -84.26, "dxgr_fps": -116.72, "rel_xgrgr_Sigma": [440630.0, 4679.4, 19491.0, 1524.4, 4679.4, 9242.5, -1018.0, 1527.8, 19491.0, -1018.0, 1580.4, -454.74, 1524.4, 1527.8, -454.74, 655.35], "rel_z_ft": 64.353, "rel_dz_fps": -8.4313, "rel_zdz_Sigma": [307220.0, 9855.6, 9855.6, 645.69]}}},
    {"report_time": 0.102, "report_type": "Acas_sXu_V3R0", "acas_sxu_v3r0": {"data_type": "OWN_REL_NON_COOP_TRACK", "own_rel_non_coop_track": {"track_id": 34, "track_status": 1, "toa": 0.102, "range_ft": 22544.0, "azimuth_rad": -0.6371, "dgr_fps": -94.534, "dxgr_fps": -103.23, "rel_xgrgr_Sigma": [444690.0, -39.141, 22319.0, 481.05, -39.141, 9280.9, -1538.7, 1553.7, 22319.0, -1538.7, 2166.5, -681.12, 481.05, 1553.7, -681.12, 705.65], "rel_z_ft": 151.07, "rel_dz_fps": -8.4283, "rel_zdz_Sigma": [299430.0, 9670.1, 9670.1, 640.27]}}},
    {"report_time": 0.105, "report_type": "Acas_sXu_V3R0", "acas_sxu_v3r0": {"data_type": "OWN_REL_NON_COOP_TRACK", "own_rel_non_coop_track": {"track_id": 35, "track_status": 1, "toa": 0.105, "range_ft": 24038.0, "azimuth_rad": 0.89307, "dgr_fps": -71.726, "dxgr_fps": 179.02, "rel_xgrgr_Sigma": [816380.0, -13562.0, 69794.0, -7662.2, -13562.0, 19172.0, -6043.0, 3444.2, 69794.0, -6043.0, 8622.5, -1808.8, -7662.2, 3444.2, -1808.8, 1986.7], "rel_z_ft": 1329.6, "rel_dz_fps": -8.3745, "rel_zdz_Sigma": [326880.0, 10310.0, 10310.0, 658.36]}}},
    {"report_time": 0.108, "report_type": "Acas_sXu_V3R0", "acas_sxu_v3r0": {"data_type": "OWN_REL_NON_COOP_TRACK", "own_rel_non_coop_track": {"track_id": 36, "track_status": 1, "toa": 0.108, "range_ft": 22130.0, "azimuth_rad": -0.56958, "dgr_fps": -103.81, "dxgr_fps": -91.124, "rel_xgrgr_Sigma": [456500.0, -5021.7, 26298.0, -736.12, -5021.7, 8289.2, -1941.0, 1358.1, 26298.0, -1941.0, 3013.8, -927.31, -736.12, 1358.1, -927.31, 716.06], "rel_z_ft": 232.25, "rel_dz_fps": -8.4308, "rel_zdz_Sigma": [292050.0, 9494.0, 9494.0, 635.06]}}},
    {"report_time": 0.111, "report_type": "Acas_sXu_V3R0", "acas_sxu_v3r0": {"data_type": "OWN_REL_NON_COOP_TRACK", "own_rel_non_coop_track": {"track_id": 37, "track_status": 1, "toa": 0.111, "range_ft": 21768.0, "azimuth_rad": -0.49662, "dgr_fps": -112.57, "dxgr_fps": -77.986, "rel_xgrgr_Sigma": [466150.0, -8303.9, 29374.0, -1681.4, -8303.9, 7773.2, -2383.5, 1301.7, 29374.0, -2383.5, 3968.7, -1179.9, -1681.4, 1301.7, -1179.9, 728.62], "rel_z_ft": 315.44, "rel_dz_fps": -8.4329, "rel_zdz_Sigma": [285710.0, 9341.2, 9341.2, 630.52]}}},
    {"report_time": 0.114, "report_type": "Acas_sXu_V3R0", "acas_sxu_v3r0": {"data_type": "OWN_REL_NON_COOP_TRACK", "own_rel_non_coop_track": {"track_id": 38, "track_status": 1, "toa": 0.114, "range_ft": 21448.0, "azimuth_rad": -0.42603, "dgr_fps": -120.02, "dxgr_fps": -66.212, "rel_xgrgr_Sigma": [478170.0, -10386.0, 32053.0, -2358.9, -10386.0, 8021.1, -2915.5, 1419.6, 32053.0, -2915.5, 5017.6, -1415.3, -2358.9, 1419.6, -1415.3, 745.93], "rel_z_ft": 392.98, "rel_dz_fps": -8.4337, "rel_zdz_Sigma": [280120.0, 9205.8, 9205.8, 626.47]}}},
    {"report_time": 0.117, "report_type": "Acas_sXu_V3R0", "acas_sxu_v3r0": {"data_type": "OWN_REL_NON_COOP_TRACK", "own_rel_non_coop_track": {"track_id": 39, "track_status": 1, "toa": 0.117, "range_ft": 21190.0, "azimuth_rad": -0.35016, "dgr_fps": -126.68, "dxgr_fps": -52.608, "rel_xgrgr_Sigma": [486910.0, -11490.0, 33666.0, -2892.7, -11490.0, 8803.8, -3440.3, 1663.7, 33666.0, -3440.3, 5976.4, -1570.6, -2892.7, 1663.7, -1570.6, 748.34], "rel_z_ft": 472.26, "rel_dz_fps": -8.4334, "rel_zdz_Sigma": [275680.0, 9097.5, 9097.5, 623.22]}}},
    {"report_time": 0.12, "report_type": "Acas_sXu_V3R0", "acas_sxu_v3r0": {"data_type": "OWN_REL_NON_COOP_TRACK", "own_rel_non_coop_track": {"track_id": 40, "track_status": 1, "toa": 0.12, "range_ft": 20942.0, "azimuth_rad": -0.27682, "dgr_fps": -132.42, "dxgr_fps": -39.478, "rel_xgrgr_Sigma": [500810.0, -12331.0, 35943.0, -3337.1, -12331.0, 9646.3, -3878.6, 1900.0, 35943.0, -3878.6, 6958.2, -1627.9, -3337.1, 1900.0, -1627.9, 734.23], "rel_z_ft": 545.5, "rel_dz_fps": -8.4357, "rel_zdz_Sigma": [271390.0, 8992.8, 8992.8, 620.05]}}},
    {"report_time": 0.123, "report_type": "Acas_sXu_V3R0", "acas_sxu_v3r0": {"data_type": "OWN_REL_NON_COOP_TRACK", "own_rel_non_coop_track": {"track_id": 41, "track_status": 1, "toa": 0.123, "range_ft": 20766.0, "azimuth_rad": -0.19851, "dgr_fps": -136.99, "dxgr_fps": -24.078, "rel_xgrgr_Sigma": [511810.0, -13012.0, 37804.0, -3662.2, -13012.0, 10214.0, -4104.4, 2015.2, 37804.0, -4104.4, 7423.9, -1453.8, -3662.2, 2015.2, -1453.8, 666.42], "rel_z_ft": 620.5, "rel_dz_fps": -8.4316, "rel_zdz_Sigma": [268400.0, 8919.2, 8919.2, 617.81]}}},
    {"report_time": 0.126, "report_type": "Acas_sXu_V3R0", "acas_sxu_v3r0": {"data_type": "OWN_REL_NON_COOP_TRACK", "own_rel_non_coop_track": {"track_id": 42, "track_status": 1, "toa": 0.126, "range_ft": 20610.0, "azimuth_rad": -0.12309, "dgr_fps": -140.54, "dxgr_fps": -9.6334, "rel_xgrgr_Sigma": [529920.0, -13853.0, 40749.0, -3992.5, -13853.0, 10704.0, -4324.3, 2094.5, 40749.0, -4324.3, 7938.8, -1251.9, -3992.5, 2094.5, -1251.9, 626.97], "rel_z_ft": 688.45, "rel_dz_fps": -8.4347, "rel_zdz_Sigma": [265720.0, 8853.4, 8853.4, 615.8]}}},
    {"report_time": 0.129, "report_type": "Acas_sXu_V3R0", "acas_sxu_v3r0": {"data_type": "OWN_REL_NON_COOP_TRACK", "own_rel_non_coop_track": {"track_id": 43, "track_status": 1, "toa": 0.129, "range_ft": 24556.0, "azimuth_rad": 0.95783, "dgr_fps": -61.826, "dxgr_fps": 187.13, "rel_xgrgr_Sigma": [849530.0, -12779.0, 72672.0, -7777.1, -12779.0, 19345.0, -6011.2, 3461.5, 72672.0, -6011.2, 9136.1, -2076.0, -7777.1, 3461.5, -2076.0, 1975.0], "rel_z_ft": 1346.3, "rel_dz_fps": -8.3674, "rel_zdz_Sigma": [336520.0, 10534.0, 10534.0, 664.71]}}},
    {"report_time": 0.132, "report_type": "Acas_sXu_V3R0", "acas_sxu_v3r0": {"data_type": "OWN_REL_NON_COOP_TRACK", "own_rel_non_coop_track": {"track_id": 44, "track_status": 1, "toa": 0.132, "range_ft": 25108.0, "azimuth_rad": 1.0206, "dgr_fps": -51.664, "dxgr_fps": 194.38, "rel_xgrgr_Sigma": [883880.0, -12101.0, 75476.0, -7905.1, -12101.0, 19512.0, -5995.7, 3482.5, 75476.0, -5995.7, 9770.2, -2347.2, -7905.1, 3482.5, -2347.2, 1944.1], "rel_z_ft": 1359.6, "rel_dz_fps": -8.3612, "rel_zdz_Sigma": [346940.0, 10774.0, 10774.0, 671.46]}}},
    {"report_time": 0.135, "report_type": "Acas_sXu_V3R0", "acas_sxu_v3r0": {"data_type": "OWN_REL_NON_COOP_TRACK", "own_rel_non_coop_track": {"track_id": 45, "track_status": 1, "toa": 0.135, "range_ft": 25660.0, "azimuth_rad": 1.0786, "dgr_fps": -42.136, "dxgr_fps": 200.26, "rel_xgrgr_Sigma": [926990.0, -11065.0, 79683.0, -7997.2, -11065.0, 19551.0, -5948.9, 3494.6, 79683.0, -5948.9, 10708.0, -2592.6, -7997.2, 3494.6, -2592.6, 1916.5], "rel_z_ft": 1368.4, "rel_dz_fps": -8.3621, "rel_zdz_Sigma": [357530.0, 11015.0, 11015.0, 678.22]}}},
    {"report_time": 0.138, "report_type": "Acas_sXu_V3R0", "acas_sxu_v3r0": {"data_type": "OWN_REL_NON_COOP_TRACK", "own_rel_non_coop_track": {"track_id": 46, "track_status": 1, "toa": 0.138, "range_ft": 26288.0, "azimuth_rad": 1.1378, "dgr_fps": -25.19, "dxgr_fps": 199.95, "rel_xgrgr_Sigma": [825660.0, 12744.0, 61946.0, -1664.6, 12744.0, 13998.0, -538.75, 1411.3, 61946.0, -538.75, 5959.9, -517.84, -1664.6, 1411.3, -517.84, 952.96], "rel_z_ft": 1374.1, "rel_dz_fps": -8.3577, "rel_zdz_Sigma": [369370.0, 11284.0, 11284.0, 685.65]}}},
    {"report_time": 0.141, "report_type": "Acas_sXu_V3R0", "acas_sxu_v3r0": {"data_type": "OWN_REL_NON_COOP_TRACK", "own_rel_non_coop_track": {"track_id": 47, "track_status": 1, "toa": 0.141, "range_ft": 26886.0, "azimuth_rad": 1.1928, "dgr_fps": -11.191, "dxgr_fps": 178.66, "rel_xgrgr_Sigma": [570390.0, 23250.0, 27314.0, 709.82, 23250.0, 14002.0, 1650.9, 1240.1, 27314.0, 1650.9, 1708.6, 89.021, 709.82, 1240.1, 89.021, 538.58], "rel_z_ft": 1375.4, "rel_dz_fps": -8.3531, "rel_zdz_Sigma": [380930.0, 11544.0, 11544.0, 692.81]}}},
    {"report_time": 0.144, "report_type": "Acas_sXu_V3R0", "acas_sxu_v3r0": {"data_type": "OWN_REL_NON_COOP_TRACK", "own_rel_non_coop_track": {"track_id": 48, "track_status": 1, "toa": 0.144, "range_ft": 27482.0, "azimuth_rad": 1.2491, "dgr_fps": -9.6836, "dxgr_fps": 153.64, "rel_xgrgr_Sigma": [456930.0, 28581.0, 17415.0, 1776.7, 28581.0, 21805.0, 3531.9, 3239.8, 17415.0, 3531.9, 1314.9, 600.91, 1776.7, 3239.8, 600.91, 1339.9], "rel_z_ft": 1372.7, "rel_dz_fps": -8.3542, "rel_zdz_Sigma": [393440.0, 11824.0, 11824.0, 700.43]}}},
    {"report_time": 0.147, "report_type": "Acas_sXu_V3R0", "acas_sxu_v3r0": {"data_type": "OWN_REL_NON_COOP_TRACK", "own_rel_non_coop_track": {"track_id": 49, "track_status": 1, "toa": 0.147, "range_ft": 20780.0, "azimuth_rad": 0.10051, "dgr_fps": -140.18, "dxgr_fps": 44.644, "rel_xgrgr_Sigma": [485690.0, -12384.0, 33190.0, -4652.6, -12384.0, 13900.0, -4434.2, 2780.3, 33190.0, -4434.2, 5885.1, -689.08, -4652.6, 2780.3, -689.08, 874.35], "rel_z_ft": 876.15, "rel_dz_fps": -8.4021, "rel_zdz_Sigma": [268980.0, 8930.1, 8930.1, 618.14]}}},
    {"report_time": 0.15, "report_type": "Acas_sXu_V3R0", "acas_sxu_v3r0": {"data_type": "OWN_REL_NON_COOP_TRACK", "own_rel_non_coop_track": {"track_id": 50, "track_status": 1, "toa": 0.15, "range_ft": 28094.0, "azimuth_rad": 1.3012, "dgr_fps": -1.9042, "dxgr_fps": 155.19, "rel_xgrgr_Sigma": [478080.0, 29215.0, 18314.0, 2240.4, 29215.0, 25116.0, 4329.4, 4482.7, 18314.0, 4329.4, 1533.4, 891.8, 2240.4, 4482.7, 891.8, 2051.9], "rel_z_ft": 1366.6, "rel_dz_fps": -8.3515, "rel_zdz_Sigma": [405880.0, 12100.0, 12100.0, 707.88]}}},
    {"report_time": 0.153, "report_type": "Acas_sXu_V3R0", "acas_sxu_v3r0": {"data_type": "OWN_REL_NON_COOP_TRACK", "own_rel_non_coop_track": {"track_id": 51, "track_status": 1, "toa": 0.153, "range_ft": 28746.0, "azimuth_rad": 1.3544, "dgr_fps": 6.9182, "dxgr_fps": 156.99, "rel_xgrgr_Sigma": [521150.0, 29232.0, 20679.0, 2454.3, 29232.0, 27703.0, 4901.2, 5675.4, 20679.0, 4901.2, 1807.0, 1125.1, 2454.3, 5675.4, 1125.1, 2888.6], "rel_z_ft": 1356.1, "rel_dz_fps": -8.3541, "rel_zdz_Sigma": [419230.0, 12394.0, 12394.0, 715.76]}}},
    {"report_time": 0.156, "report_type": "Acas_sXu_V3R0", "acas_sxu_v3r0": {"data_type": "OWN_REL_NON_COOP_TRACK", "own_rel_non_coop_track": {"track_id": 52, "track_status": 1, "toa": 0.156, "range_ft": 29362.0, "azimuth_rad": 1.4041, "dgr_fps": 16.077, "dxgr_fps": 158.26, "rel_xgrgr_Sigma": [535150.0, 28899.0, 20800.0, 2287.2, 28899.0, 27407.0, 4793.3, 5675.7, 20800.0, 4793.3, 1783.4, 1029.5, 2287.2, 5675.7, 1029.5, 2826.8], "rel_z_ft": 1342.0, "rel_dz_fps": -8.355, "rel_zdz_Sigma": [432070.0, 12675.0, 12675.0, 723.23]}}},
    {"report_time": 0.159, "report_type": "Acas_sXu_V3R0", "acas_sxu_v3r0": {"data_type": "OWN_REL_NON_COOP_TRACK", "own_rel_non_coop_track": {"track_id": 53, "track_status": 1, "toa": 0.159, "range_ft": 30028.0, "azimuth_rad": 1.4551, "dgr_fps": 26.268, "dxgr_fps": 159.76, "rel_xgrgr_Sigma": [551340.0, 29065.0, 21154.0, 2190.5, 29065.0, 26885.0, 4754.1, 5587.9, 21154.0, 4754.1, 1807.9, 946.51, 2190.5, 5587.9, 946.51, 2696.2], "rel_z_ft": 1323.7, "rel_dz_fps": -8.3559, "rel_zdz_Sigma": [446090.0, 12979.0, 12979.0, 731.26]}}},
    {"report_time": 0.162, "report_type": "Acas_sXu_V3R0", "acas_sxu_v3r0": {"data_type": "OWN_REL_NON_COOP_TRACK", "own_rel_non_coop_track": {"track_id": 54, "track_status": 1, "toa": 0.162, "range_ft": 30668.0, "azimuth_rad": 1.5021, "dgr_fps": 35.49, "dxgr_fps": 160.02, "rel_xgrgr_Sigma": [563170.0, 28787.0, 21096.0, 2028.4, 28787.0, 26185.0, 4611.0, 5442.5, 21096.0, 4611.0, 1791.5, 860.02, 2028.4, 5442.5, 860.02, 2528.0], "rel_z_ft": 1302.7, "rel_dz_fps": -8.3595, "rel_zdz_Sigma": [459830.0, 13276.0, 13276.0, 739.02]}}},
    {"report_time": 0.165, "report_type": "Acas_sXu_V3R0", "acas_sxu_v3r0": {"data_type": "OWN_REL_NON_COOP_TRACK", "own_rel_non_coop_track": {"track_id": 55, "track_status": 1, "toa": 0.165, "range_ft": 31318.0, "azimuth_rad": 1.5481, "dgr_fps": 44.702, "dxgr_fps": 159.87, "rel_xgrgr_Sigma": [574610.0, 28527.0, 21005.0, 1870.9, 28527.0, 25357.0, 4461.3, 5261.6, 21005.0, 4461.3, 1781.9, 787.72, 1870.9, 5261.6, 787.72, 2345.1], "rel_z_ft": 1278.7, "rel_dz_fps": -8.3635, "rel_zdz_Sigma": [473960.0, 13579.0, 13579.0, 746.89]}}},
    {"report_time": 0.168, "report_type": "Acas_sXu_V3R0", "acas_sxu_v3r0": {"data_type": "OWN_REL_NON_COOP_TRACK", "own_rel_non_coop_track": {"track_id": 56, "track_status": 1, "toa": 0.168, "range_ft": 31988.0, "azimuth_rad": 1.5956, "dgr_fps": 54.602, "dxgr_fps": 160.2, "rel_xgrgr_Sigma": [587400.0, 28516.0, 21086.0, 1742.6, 28516.0, 24229.0, 4340.2, 4976.9, 21086.0, 4340.2, 1810.1, 731.69, 1742.6, 4976.9, 731.69, 2099.3], "rel_z_ft": 1248.9, "rel_dz_fps": -8.3685, "rel_zdz_Sigma": [488610.0, 13891.0, 13891.0, 754.93]}}},
    {"report_time": 0.171, "report_type": "Acas_sXu_V3R0", "acas_sxu_v3r0": {"data_type": "OWN_REL_NON_COOP_TRACK", "own_rel_non_coop_track": {"track_id": 57, "track_status": 1, "toa": 0.171, "range_ft": 32664.0, "azimuth_rad": 1.642, "dgr_fps": 64.384, "dxgr_fps": 160.08, "rel_xgrgr_Sigma": [600860.0, 28495.0, 21206.0, 1619.2, 28495.0, 23097.0, 4223.9, 4704.3, 21206.0, 4223.9, 1852.6, 698.13, 1619.2, 4704.3, 698.13, 1879.5], "rel_z_ft": 1216.2, "rel_dz_fps": -8.3745, "rel_zdz_Sigma": [503630.0, 14209.0, 14209.0, 763.06]}}},
    {"report_time": 0.174, "report_type": "Acas_sXu_V3R0", "acas_sxu_v3r0": {"data_type": "OWN_REL_NON_COOP_TRACK", "own_rel_non_coop_track": {"track_id": 58, "track_status": 1, "toa": 0.174, "range_ft": 33288.0, "azimuth_rad": 1.6855, "dgr_fps": 72.748, "dxgr_fps": 158.96, "rel_xgrgr_Sigma": [616300.0, 28093.0, 21377.0, 1469.1, 28093.0, 22247.0, 4093.5, 4570.4, 21377.0, 4093.5, 1888.2, 684.52, 1469.1, 4570.4, 684.52, 1770.6], "rel_z_ft": 1179.0, "rel_dz_fps": -8.3725, "rel_zdz_Sigma": [517760.0, 14507.0, 14507.0, 770.62]}}},
    {"report_time": 0.177, "report_type": "Acas_sXu_V3R0", "acas_sxu_v3r0": {"data_type": "OWN_REL_NON_COOP_TRACK", "own_rel_non_coop_track": {"track_id": 59, "track_status": 1, "toa": 0.177, "range_ft": 33956.0, "azimuth_rad": 1.7303, "dgr_fps": 81.896, "dxgr_fps": 158.05, "rel_xgrgr_Sigma": [638130.0, 28093.0, 22036.0, 1387.2, 28093.0, 21409.0, 4062.8, 4471.0, 22036.0, 4062.8, 2002.1, 710.28, 1387.2, 4471.0, 710.28, 1690.7], "rel_z_ft": 1136.3, "rel_dz_fps": -8.3757, "rel_zdz_Sigma": [532960.0, 14825.0, 14825.0, 778.63]}}},
    {"report_time": 0.18, "report_type": "Acas_sXu_V3R0", "acas_sxu_v3r0": {"data_type": "OWN_REL_NON_COOP_TRACK", "own_rel_non_coop_track": {"track_id": 60, "track_status": 1, "toa": 0.18, "range_ft": 20862.0, "azimuth_rad": 0.18009, "dgr_fps": -138.15, "dxgr_fps": 60.158, "rel_xgrgr_Sigma": [504450.0, -13212.0, 35456.0, -5050.6, -13212.0, 14726.0, -4701.8, 2914.5, 35456.0, -4701.8, 5987.8, -597.5, -5050.6, 2914.5, -597.5, 993.53], "rel_z_ft": 938.1, "rel_dz_fps": -8.4025, "rel_zdz_Sigma": [270360.0, 8963.9, 8963.9, 619.13]}}},
    {"report_time": 0.183, "report_type": "Acas_sXu_V3R0", "acas_sxu_v3r0": {"data_type": "OWN_REL_NON_COOP_TRACK", "own_rel_non_coop_track": {"track_id": 61, "track_status": 1, "toa": 0.183, "range_ft": 34590.0, "azimuth_rad": 1.7719, "dgr_fps": 90.252, "dxgr_fps": 156.28, "rel_xgrgr_Sigma": [651830.0, 27696.0, 22058.0, 1228.0, 27696.0, 20293.0, 3894.8, 4239.4, 22058.0, 3894.8, 2031.2, 712.21, 1228.0, 4239.4, 712.21, 1552.3], "rel_z_ft": 1092.1, "rel_dz_fps": -8.3794, "rel_zdz_Sigma": [547620.0, 15130.0, 15130.0, 786.28]}}},
    {"report_time": 0.186, "report_type": "Acas_sXu_V3R0", "acas_sxu_v3r0": {"data_type": "OWN_REL_NON_COOP_TRACK", "own_rel_non_coop_track": {"track_id": 62, "track_status": 1, "toa": 0.186, "range_ft": 35258.0, "azimuth_rad": 1.8148, "dgr_fps": 98.95, "dxgr_fps": 154.55, "rel_xgrgr_Sigma": [679770.0, 27658.0, 23094.0, 1182.1, 27658.0, 19610.0, 3916.3, 4223.5, 23094.0, 3916.3, 2203.4, 784.88, 1182.1, 4223.5, 784.88, 1545.6], "rel_z_ft": 1043.0, "rel_dz_fps": -8.3792, "rel_zdz_Sigma": [563190.0, 15453.0, 15453.0, 794.3]}}},
    {"report_time": 0.189, "report_type": "Acas_sXu_V3R0", "acas_sxu_v3r0": {"data_type": "OWN_REL_NON_COOP_TRACK", "own_rel_non_coop_track": {"track_id": 63, "track_status": 1, "toa": 0.189, "range_ft": 35874.0, "azimuth_rad": 1.8553, "dgr_fps": 106.66, "dxgr_fps": 152.12, "rel_xgrgr_Sigma": [702430.0, 27357.0, 23684.0, 1063.9, 27357.0, 18797.0, 3827.2, 4142.5, 23684.0, 3827.2, 2300.8, 835.79, 1063.9, 4142.5, 835.79, 1522.9], "rel_z_ft": 990.92, "rel_dz_fps": -8.3792, "rel_zdz_Sigma": [577820.0, 15754.0, 15754.0, 801.74]}}},
    {"report_time": 0.192, "report_type": "Acas_sXu_V3R0", "acas_sxu_v3r0": {"data_type": "OWN_REL_NON_COOP_TRACK", "own_rel_non_coop_track": {"track_id": 64, "track_status": 1, "toa": 0.192, "range_ft": 36502.0, "azimuth_rad": 1.8972, "dgr_fps": 114.98, "dxgr_fps": 150.22, "rel_xgrgr_Sigma": [724600.0, 27221.0, 24322.0, 967.06, 27221.0, 17735.0, 3748.2, 3951.4, 24322.0, 3748.2, 2443.2, 914.97, 967.06, 3951.4, 914.97, 1453.2], "rel_z_ft": 932.51, "rel_dz_fps": -8.3799, "rel_zdz_Sigma": [592840.0, 16062.0, 16062.0, 809.3]}}},
    {"report_time": 0.195, "report_type": "Acas_sXu_V3R0", "acas_sxu_v3r0": {"data_type": "OWN_REL_NON_COOP_TRACK", "own_rel_non_coop_track": {"track_id": 65, "track_status": 2, "toa": 0.195, "range_ft": 37128.0, "azimuth_rad": 1.9174, "dgr_fps": 122.88, "dxgr_fps": 151.87, "rel_xgrgr_Sigma": [782100.0, 20865.0, 26121.0, 1156.3, 20865.0, 23238.0, 3929.2, 4608.6, 26121.0, 3929.2, 2352.4, 850.81, 1156.3, 4608.6, 850.81, 1236.2], "rel_z_ft": 874.66, "rel_dz_fps": -8.5697, "rel_zdz_Sigma": [643620.0, 17318.0, 17318.0, 822.11]}}},
    {"report_time": 0.208, "report_type": "Acas_sXu_V3R0", "acas_sxu_v3r0": {"data_type": "OWN_REL_NON_COOP_TRACK", "own_rel_non_coop_track": {"track_id": 71, "track_status": 1, "toa": 0.208, "range_ft": 20978.0, "azimuth_rad": 0.25518, "dgr_fps": -135.29, "dxgr_fps": 74.046, "rel_xgrgr_Sigma": [529200.0, -14091.0, 38504.0, -5415.7, -14091.0, 15360.0, -4956.2, 2990.6, 38504.0, -4956.2, 6173.9, -535.09, -5415.7, 2990.6, -535.09, 1112.7], "rel_z_ft": 993.57, "rel_dz_fps": -8.4016, "rel_zdz_Sigma": [272300.0, 9011.2, 9011.2, 620.52]}}},
    {"report_time": 0.231, "report_type": "Acas_sXu_V3R0", "acas_sxu_v3r0": {"data_type": "OWN_REL_NON_COOP_TRACK", "own_rel_non_coop_track": {"track_id": 75, "track_status": 1, "toa": 0.231, "range_ft": 21132.0, "azimuth_rad": 0.33365, "dgr_fps": -131.39, "dxgr_fps": 88.862, "rel_xgrgr_Sigma": [549840.0, -14635.0, 40882.0, -5760.4, -14635.0, 16066.0, -5164.6, 3091.7, 40882.0, -5164.6, 6185.7, -527.19, -5760.4, 3091.7, -527.19, 1256.8], "rel_z_ft": 1047.2, "rel_dz_fps": -8.4039, "rel_zdz_Sigma": [274920.0, 9075.4, 9075.4, 622.41]}}},
    {"report_time": 0.254, "report_type": "Acas_sXu_V3R0", "acas_sxu_v3r0": {"data_type": "OWN_REL_NON_COOP_TRACK", "own_rel_non_coop_track": {"track_id": 76, "track_status": 1, "toa": 0.254, "range_ft": 21362.0, "azimuth_rad": 0.40707, "dgr_fps": -126.33, "dxgr_fps": 102.05, "rel_xgrgr_Sigma": [580470.0, -15228.0, 44523.0, -6108.2, -15228.0, 16623.0, -5398.2, 3155.0, 44523.0, -5398.2, 6413.7, -551.94, -6108.2, 3155.0, -551.94, 1395.9], "rel_z_ft": 1096.4, "rel_dz_fps": -8.4011, "rel_zdz_Sigma": [278880.0, 9171.4, 9171.4, 625.26]}}},
    {"report_time": 0.277, "report_type": "Acas_sXu_V3R0", "acas_sxu_v3r0": {"data_type": "OWN_REL_NON_COOP_TRACK", "own_rel_non_coop_track": {"track_id": 77, "track_status": 1, "toa": 0.277, "range_ft": 21616.0, "azimuth_rad": 0.47946, "dgr_fps": -120.73, "dxgr_fps": 114.76, "rel_xgrgr_Sigma": [611850.0, -15582.0, 48217.0, -6415.6, -15582.0, 17123.0, -5590.6, 3216.7, 48217.0, -5590.6, 6632.4, -625.7, -6415.6, 3216.7, -625.7, 1535.5], "rel_z_ft": 1140.6, "rel_dz_fps": -8.4001, "rel_zdz_Sigma": [283300.0, 9278.1, 9278.1, 628.42]}}},
    {"report_time": 0.3, "report_type": "Acas_sXu_V3R0", "acas_sxu_v3r0": {"data_type": "OWN_REL_NON_COOP_TRACK", "own_rel_non_coop_track": {"track_id": 78, "track_status": 1, "toa": 0.3, "range_ft": 21924.0, "azimuth_rad": 0.55434, "dgr_fps": -113.9, "dxgr_fps": 127.95, "rel_xgrgr_Sigma": [639100.0, -15687.0, 51151.0, -6702.1, -15687.0, 17661.0, -5735.8, 3284.0, 51151.0, -5735.8, 6732.0, -757.25, -6702.1, 3284.0, -757.25, 1659.4], "rel_z_ft": 1183.3, "rel_dz_fps": -8.3946, "rel_zdz_Sigma": [288660.0, 9407.4, 9407.4, 632.22]}}},
    {"report_time": 0.323, "report_type": "Acas_sXu_V3R0", "acas_sxu_v3r0": {"data_type": "OWN_REL_NON_COOP_TRACK", "own_rel_non_coop_track": {"track_id": 79, "track_status": 1, "toa": 0.323, "range_ft": 22278.0, "azimuth_rad": 0.62763, "dgr_fps": -106.23, "dxgr_fps": 140.26, "rel_xgrgr_Sigma": [667960.0, -15630.0, 54125.0, -6957.2, -15630.0, 18163.0, -5854.6, 3352.3, 54125.0, -5854.6, 6873.3, -933.33, -6957.2, 3352.3, -933.33, 1766.2], "rel_z_ft": 1222.0, "rel_dz_fps": -8.3942, "rel_zdz_Sigma": [294900.0, 9557.0, 9557.0, 636.6]}}},
    {"report_time": 1.001, "report_type": "Acas_sXu_V3R0", "acas_sxu_v3r0": {"data_type": "OWNSHIP_DISCRETES", "ownship_discretes": {"toa": 1.001, "remote_id": 1, "opflg": true, "surv_only_disp_on": false, "turn_rate_limit_rad": 0.053, "vert_rate_limit_fps": 8.3334, "prefer_wind_relative": false, "perform_poa_and_gpoa": true}}},
    {"report_time": 1.002, "report_type": "Acas_sXu_V3R0", "acas_sxu_v3r0": {"data_type": "HEADING_OBS", "heading_obs": {"toa": 1.002, "psi_rad": 0.0019199, "heading_degraded": false}}},
    {"report_time": 1.003, "report_type": "Acas_sXu_V3R0", "acas_sxu_v3r0": {"data_type": "PRES_ALT_OBS", "pres_alt_obs": {"toa": 1.003, "alt_pres_ft": 980.9}}},
    {"report_time": 1.004, "report_type": "Acas_sXu_V3R0", "acas_sxu_v3r0": {"data_type": "HEIGHT_AGL_OBS", "height_agl_obs": {"toa": 1.004, "h_ft": NaN}}},
    {"report_time": 1.005, "report_type": "Acas_sXu_V3R0", "acas_sxu_v3r0": {"data_type": "WGS84_OBS", "wgs84_obs": {"toa": 1.005, "lat_deg": 33.140802, "lon_deg": -117.02284, "vel_ew_kts": 0.17495, "vel_ns_kts": 120.38, "alt_hae_ft": 980.9, "alt_rate_hae_fps": 8.3, "nacp": 10, "nacv": 3}}},
    {"report_time": 1.008, "report_type": "Acas_sXu_V3R0", "acas_sxu_v3r0": {"data_type": "OWN_REL_NON_COOP_TRACK", "own_rel_non_coop_track": {"track_id": 2, "track_status": 1, "toa": 1.008, "range_ft": 22566.0, "azimuth_rad": 0.67373, "dgr_fps": -101.14, "dxgr_fps": 142.6, "rel_xgrgr_Sigma": [693480.0, -33257.0, 55652.0, -8324.8, -33257.0, 19368.0, -7017.3, 3670.1, 55652.0, -7017.3, 6702.2, -1231.5, -8324.8, 3670.1, -1231.5, 1857.8], "rel_z_ft": 1231.9, "rel_dz_fps": -8.715, "rel_zdz_Sigma": [298090.0, 9610.3, 9610.3, 637.29]}}},
    {"report_time": 1.014, "report_type": "Acas_sXu_V3R0", "acas_sxu_v3r0": {"data_type": "OWN_REL_NON_COOP_TRACK", "own_rel_non_coop_track": {"track_id": 7, "track_status": 2, "toa": 1.014, "range_ft": 38250.0, "azimuth_rad": -1.9085, "dgr_fps": 130.37, "dxgr_fps": -168.44, "rel_xgrgr_Sigma": [1524200.0, -69599.0, 46292.0, -3382.4, -69599.0, 108060.0, -5108.7, 6413.3, 46292.0, -5108.7, 1875.4, -337.19, -3382.4, 6413.3, -337.19, 440.24], "rel_z_ft": -1792.2, "rel_dz_fps": -9.222, "rel_zdz_Sigma": [1092200.0, 26671.0, 26671.0, 892.8]}}},
    {"report_time": 1.016, "report_type": "Acas_sXu_V3R0", "acas_sxu_v3r0": {"data_type": "OWN_REL_NON_COOP_TRACK", "own_rel_non_coop_track": {"track_id": 8, "track_status": 1, "toa": 1.016, "range_ft": 36848.0, "azimuth_rad": -1.9038, "dgr_fps": 127.82, "dxgr_fps": -163.34, "rel_xgrgr_Sigma": [728060.0, -31504.0, 25409.0, -739.22, -31504.0, 24684.0, -2391.1, 2105.6, 25409.0, -2391.1, 1851.6, -398.68, -739.22, 2105.6, -398.68, 433.98], "rel_z_ft": -1700.0, "rel_dz_fps": -9.1221, "rel_zdz_Sigma": [595790.0, 16055.0, 16055.0, 807.55]}}},
